0 120 336 1 1 11
0 248 272 1 1 5
0 376 336 1 1 5
0 504 272 1 1 10
0 632 336 1 1 10
0 760 272 1 1 5
0 888 336 1 1 5
0 1016 272 1 1 5
0 1120 144 1 1 10
0 1400 80 1 1 3
0 1520 144 1 1 6
0 1792 144 1 1 5
0 1264 336 1 1 6
0 1592 336 1 1 5
0 1912 336 1 1 5
0 2040 336 1 1 5
0 2168 336 1 1 5
0 2296 336 1 1 5
0 2552 272 1 1 10
0 2680 144 1 1 5
0 2816 80 1 1 7
1 0.0 400.0 1 1 -1
1 32.0 400.0 1 1 -1
1 64.0 400.0 1 1 -1
1 96.0 400.0 1 1 -1
1 128.0 400.0 1 1 -1
1 160.0 400.0 1 1 -1
1 192.0 400.0 1 1 -1
1 224.0 400.0 1 1 -1
1 256.0 400.0 1 1 -1
1 288.0 400.0 1 1 -1
1 320.0 400.0 1 1 -1
1 352.0 400.0 1 1 -1
1 384.0 400.0 1 1 -1
1 416.0 400.0 1 1 -1
1 448.0 400.0 1 1 -1
1 480.0 400.0 1 1 -1
1 512.0 400.0 1 1 -1
1 544.0 400.0 1 1 -1
1 576.0 400.0 1 1 -1
1 608.0 400.0 1 1 -1
1 640.0 400.0 1 1 -1
1 672.0 400.0 1 1 -1
1 704.0 400.0 1 1 -1
1 736.0 400.0 1 1 -1
1 768.0 400.0 1 1 -1
1 800.0 400.0 1 1 -1
1 832.0 400.0 1 1 -1
1 864.0 400.0 1 1 -1
1 896.0 400.0 1 1 -1
1 928.0 400.0 1 1 -1
1 960.0 400.0 1 1 -1
1 992.0 400.0 1 1 -1
1 1024.0 400.0 1 1 -1
1 1056.0 400.0 1 1 -1
1 1088.0 400.0 1 1 -1
1 1120.0 400.0 1 1 -1
1 1152.0 400.0 1 1 -1
1 1184.0 400.0 1 1 -1
1 1216.0 400.0 1 1 -1
1 1248.0 400.0 1 1 -1
1 1280.0 400.0 1 1 -1
1 1312.0 400.0 1 1 -1
1 1344.0 400.0 1 1 -1
1 1376.0 400.0 1 1 -1
1 1408.0 400.0 1 1 -1
1 1440.0 400.0 1 1 -1
1 1472.0 400.0 1 1 -1
1 1504.0 400.0 1 1 -1
1 1536 400.0 1 1 -1
1 1568 400.0 1 1 -1
1 1600 400.0 1 1 -1
1 1632 400.0 1 1 -1
1 1664 400.0 1 1 -1
1 1696 400.0 1 1 -1
1 1728 400.0 1 1 -1
1 1760 400.0 1 1 -1
1 1792 400.0 1 1 -1
1 1824 400.0 1 1 -1
1 1856 400.0 1 1 -1
1 1888 400.0 1 1 -1
1 1920 400.0 1 1 -1
1 1952 400.0 1 1 -1
1 1984 400.0 1 1 -1
1 2016 400.0 1 1 -1
1 2048 400.0 1 1 -1
1 2080 400.0 1 1 -1
1 2112 400.0 1 1 -1
1 2144 400.0 1 1 -1
1 2176 400.0 1 1 -1
1 2208 400.0 1 1 -1
1 2240 400.0 1 1 -1
1 2272 400.0 1 1 -1
1 2304 400.0 1 1 -1
1 2336 400.0 1 1 -1
1 2368 400.0 1 1 -1
1 2400 400.0 1 1 -1
1 2432 400.0 1 1 -1
1 2464 400.0 1 1 -1
1 2496 400.0 1 1 -1
1 2528 400.0 1 1 -1
1 2560 400.0 1 1 -1
1 2592 400.0 1 1 -1
1 2624 400.0 1 1 -1
1 2656 400.0 1 1 -1
1 2688 400.0 1 1 -1
1 2720 400.0 1 1 -1
1 2752 400.0 1 1 -1
1 2784 400.0 1 1 -1
1 2816 400.0 1 1 -1
1 2848 400.0 1 1 -1
1 1184 272 1 1 -1
1 1216 272 1 1 -1
1 1248 272 1 1 -1
1 1312 208 1 1 -1
1 1344 208 1 1 -1
1 1376 208 1 1 -1
1 1408 208 1 1 -1
1 1440 208 1 1 -1
1 1472 208 1 1 -1
1 1504 208 1 1 -1
1 1536 208 1 1 -1
1 1568 208 1 1 -1
1 1600 208 1 1 -1
1 1664 272 1 1 -1
1 1696 272 1 1 -1
1 1728 272 1 1 -1
1 1760 272 1 1 -1
1 1792 272 1 1 -1
1 1824 272 1 1 -1
1 2592 208 1 1 -1
1 2624 208 1 1 -1
1 2656 208 1 1 -1
1 2688 208 1 1 -1
1 2720 208 1 1 -1
1 2752 208 1 1 -1
1 2784 208 1 1 -1
1 2816 208 1 1 -1
1 2848 208 1 1 -1
2 1056 368 0 1 -1
2 1088 336 0 1 -1
2 1120 304 0 1 -1
2 1152 272 0 1 -1
2 1248 240 0 1 -1
2 1280 208 0 1 -1
2 1632 208 1 1 -1
2 1664 240 1 1 -1
2 2400 368 0 1 -1
2 2432 336 0 1 -1
2 2464 304 0 1 -1
2 2496 272 0 1 -1
2 2528 240 0 1 -1
2 2560 208 0 1 -1